488
504
474
521
502
505
526
454
524
491
512
496
501
524
496
501
479
523
476
558
446
522
500
480
526
478
523
493
503
525
493
496
506
506
510
489
499
502
502
501
511
509
481
502
485
505
511
507
497
504
500
504
495
509
497
522
479
498
503
502
498
504
500
499
498
506
502
500
498
504
508
491
501
515
508
497
521
483
504
499
503
498
496
510
498
498
499
503
503
520
499
496
517
490
508
489
504
493
509
503
499
501
504
503
501
500
499
498
490
521
497
505
496
499
499
531
472
497
501
498
511
500
502
499
507
498
520
495
491
507
488
502
500
504
482
518
500
510
481
515
492
512
498
507
496
499
503
495
510
496
502
486
515
507
495
504
495
508
499
507
496
493
529
485
513
503
499
498
503
498
503
512
492
499
491
508
503
502
502
517
501
505
496
506
498
507
511
489
499
501
503
490
508
499
499
506
497
505
545
458
505
492
502
501
501
496
503
516
493
498
513
488
502
506
495
504
515
483
503
500
529
487
491
517
500
502
496
503
516
488
498
509
498
529
481
501
488
505
492
509
501
499
504
498
502
498
503
498
504
502
505
508
490
521
494
515
488
505
493
508
503
501
494
504
501
504
498
506
495
536
476
498
496
504
489
510
500
502
500
507
496
499
503
524
495
517
494
500
494
502
503
493
502
510
493
509
506
495
493
506
498
499
505
499
503
507
494
507
492
508
494
503
499
505
496
502
504
496
504
501
502
500
498
504
501
514
491
494
499
504
504
504
497
503
501
499
496
507
508
494
483
497
532
514
498
515
486
499
504
501
500
480
520
504
499
499
528
481
497
500
505
502
503
497
499
504
493
506
499
503
499
488
516
510
487
505
524
488
499
493
505
497
501
498
504
498
499
508
501
497
501
527
478
500
501
517
482
502
501
484
520
502
502
528
489
503
499
507
476
518
506
502
524
481
511
492
490
504
523
492
504
504
495
506
496
486
516
506
501
498
503
498
500
528
491
504
500
514
487
506
498
506
493
519
489
506
496
494
517
488
505
507
472
533
487
507
491
552
453
505
501
502
498
528
499
477
520
485
514
513
489
513
486
516
489
501
497
511
492
494
528
491
513
537
469
508
484
503
502
486
512
499
502
509
497
496
510
480
520
501
505
497
499
507
503
472
524
500
501
506
496
512
490
484
516
502
514
517
475
527
452
522
504
517
498
503
501
537
467
500
492
519
487
511
498
489
507
501
499
522
517
486
499
502
497
507
498
499
500
506
498
503
475
531
511
511
498
497
498
502
500
499
528
477
501
500
534
476
495
503
499
506
492
512
495
500
498
506
497
504
494
511
499
483
520
499
499
500
507
497
539
474
490
500
494
508
499
504
499
510
493
503
501
499
499
509
492
503
502
501
500
491
505
509
500
500
503
501
499
503
498
503
499
501
502
502
519
475
505
507
500
500
502
490
511
502
498
503
503
500
495
502
505
501
518
503
502
497
499
501
506
499
500
500
501
499
504
494
508
503
499
500
521
494
491
500
500
565
435
503
508
506
485
507
518
498
501
502
509
495
497
501
503
499
499
501
507
500
501
498
507
501
496
507
495
503
512
487
552
454
504
495
511
489
504
495
511
495
507
504
494
498
504
503
503
493
500
503
499
504
500
504
502
499
503
498
504
498
501
509
494
500
500
503
526
460
522
498
497
487
518
524
477
499
499
508
495
504
499
505
498
508
500
490
507
504
500
502
490
507
511
495
500
499
502
498
508
505
497
496
518
495
541
452
497
503
526
473
504
503
501
499
502
507
493
505
498
501
497
506
503
499
500
500
502
502
498
502
506
476
521
503
498
503
502
500
513
560
437
494
503
510
492
502
483
515
503
501
499
502
498
501
504
501
504
497
486
517
500
505
500
499
500
500
500
509
498
500
501
501
516
484
524
489
494
502
503
497
499
500
502
501
502
502
500
501
508
494
498
510
492
504
502
496
501
505
501
504
498
506
493
518
486
501
504
499
504
504
519
487
491
510
490
502
503
497
503
500
501
518
487
496
501
501
510
492
502
499
503
500
487
517
502
502
499
500
503
500
482
521
500
500
496
509
485
525
511
493
489
503
513
487
500
498
504
500
527
476
505
496
503
513
496
493
500
502
506
499
500
503
496
501
506
504
512
503
499
500
505
504
496
563
442
498
495
519
468
513
501
505
503
504
495
516
501
491
506
507
492
504
489
507
518
515
486
504
500
533
467
500
484
520
500
500
503
499
543
456
512
494
517
485
505
495
503
501
505
498
505
496
501
489
512
507
498
499
503
500
507
492
509
494
504
514
484
507
497
501
501
501
508
543
482
475
500
512
489
499
500
501
509
495
501
500
502
501
501
503
499
501
496
507
499
501
501
500
499
506
518
499
507
494
500
504
498
507
548
452
529
474
497
505
499
498
529
474
502
500
504
499
502
496
504
515
487
501
500
507
491
509
497
497
510
489
508
506
498
501
498
504
498
528
465
511
530
496
481
501
499
502
500
500
500
505
499
502
499
506
492
506
500
499
504
502
497
507
495
508
495
504
495
503
502
502
498
501
514
496
494
507
528
475
500
496
498
504
497
502
497
511
500
500
501
502
498
504
499
500
505
500
515
488
492
512
500
495
517
488
503
499
501
583
418
502
505
492
536
473
494
507
501
503
500
494
503
502
515
487
501
506
496
501
511
492
500
524
479
484
523
481
518
504
494
509
494
500
499
505
496
508
521
487
514
491
502
489
501
503
503
498
499
511
536
474
504
498
501
500
502
501
502
500
500
503
498
488
516
494
527
499
499
546
459
499
499
515
501
491
524
482
496
501
500
500
502
506
494
504
498
503
505
503
493
502
503
499
496
503
510
496
501
505
496
509
497
495
527
479
504
494
518
479
529
501
528
477
496
503
504
499
498
521
477
506
498
505
503
503
492
500
502
501
502
501
504
498
499
506
498
502
492
532
477
507
499
509
489
513
491
499
528
483
495
497
515
492
499
497
504
503
500
498
501
500
509
497
507
488
505
500
501
506
498
497
507
500
549
453
502
503
507
494
500
492
510
499
517
489
493
508
498
501
500
509
494
501
502
499
507
496
497
502
504
501
505
482
520
498
490
513
501
501
499
501
499
533
467
503
499
519
490
497
532
485
490
498
500
522
487
496
500
517
484
502
501
501
503
501
506
493
504
497
503
499
500
503
501
498
513
492
508
493
504
497
518
499
489
506
524
484
491
496
504
500
509
489
505
509
494
505
506
494
499
502
501
500
506
490
504
503
502
502
508
496
498
517
486
499
506
520
497
485
504
509
508
489
501
495
497
499
506
500
499
500
502
503
501
499
504
497
527
481
496
499
503
502
502
500
502
500
520
481
506
498
520
482
502
501
507
494
518
499
488
499
496
503
504
496
511
495
500
504
500
498
502
502
505
499
501
499
503
498
496
518
491
499
500
500
506
517
481
504
502
498
508
494
521
496
489
502
499
500
510
494
498
503
502
499
509
496
501
498
498
504
507
496
499
503
498
505
499
495
505
503
501
497
483
525
500
500
504
494
536
479
500
495
500
502
503
497
501
505
516
503
495
502
500
516
487
505
499
500
499
501
504
498
501
501
522
530
468
499
501
504
501
505
502
498
515
467
523
494
504
499
504
498
503
499
509
492
508
497
498
511
487
504
499
500
509
500
498
505
497
505
499
500
501
503
502
504
504
496
506
513
478
515
493
500
499
505
507
492
502
497
503
501
508
493
520
499
487
518
499
501
503
515
486
500
502
531
476
489
511
488
511
498
505
499
520
482
499
515
491
498
498
506
514
505
498
502
501
502
502
499
501
500
503
504
498
500
616
383
506
499
510
494
502
498
501
500
503
499
500
504
511
490
498
513
497
500
495
504
501
496
513
493
500
503
505
496
497
502
504
503
500
499
500
502
499
519
487
499
502
500
501
499
505
502
497
504
515
484
505
510
498
493
501
503
516
484
503
500
498
505
502
497
507
502
494
499
504
502
498
500
504
500
505
498
501
498
500
503
501
502
500
502
514
490
501
515
484
501
502
501
498
502
504
501
516
493
490
505
498
499
503
505
494
504
500
529
477
502
500
514
489
499
502
508
496
495
503
503
488
515
519
490
494
498
502
494
506
504
507
503
491
500
506
496
512
506
503
501
504
480
555
472
493
504
507
493
498
500
503
507
496
501
503
500
510
493
481
538
486
498
504
494
509
498
505
495
508
492
507
496
501
498
507
499
500
505
493
507
501
517
483
511
491
503
498
504
502
505
494
497
516
489
517
500
510
498
503
499
499
506
495
503
497
506
499
501
503
498
501
505
501
511
489
499
511
492
502
504
499
503
503
494
503
501
522
495
508
497
502
498
504
505
499
501
492
500
503
505
505
494
504
505
494
502
501
531
472
504
496
509
491
505
500
504
499
501
500
524
477
501
500
504
515
489
500
524
478
497
500
503
500
502
503
501
502
500
503
502
498
502
575
423
504
500
520
482
498
507
498
499
503
503
499
498
502
511
490
504
502
499
502
527
478
502
495
501
504
498
503
501
498
506
502
496
508
517
480
501
501
524
478
502
500
504
496
500
499
501
509
492
506
500
507
494
516
490
526
484
496
494
509
499
492
482
518
512
497
503
503
479
528
492
503
501
497
508
496
500
506
499
498
500
504
502
498
499
503
503
504
507
494
496
512
494
503
495
505
494
504
509
493
506
499
497
507
498
498
501
502
501
503
503
498
499
502
504
501
482
517
503
500
503
495
500
483
539
489
498
520
485
500
498
506
496
500
500
500
505
519
500
537
466
498
500
528
477
501
498
503
502
497
507
505
493
504
497
502
501
503
500
501
510
493
499
511
495
497
500
503
493
515
478
520
500
498
501
504
499
500
512
489
513
490
505
490
509
505
497
502
502
495
508
499
502
501
500
500
515
490
537
474
494
500
499
499
495
508
504
497
499
503
504
493
506
505
497
501
501
516
485
503
483
517
502
501
503
496
500
492
532
499
509
496
503
498
524
486
503
491
498
502
503
501
519
499
498
503
503
501
506
495
501
501
500
507
493
503
502
496
503
503
485
514
505
496
504
506
500
505
494
503
519
487
509
502
503
500
500
505
497
548
459
497
502
505
504
491
501
505
502
509
498
494
503
500
499
504
504
495
502
501
499
504
499
511
503
491
525
486
495
498
501
497
502
503
499
501
499
527
526
472
498
510
493
490
514
504
494
501
503
499
503
500
510
494
521
497
497
505
504
497
509
496
521
491
494
494
499
504
499
539
464
503
503
510
487
502
504
499
499
503
514
484
499
502
485
525
497
504
498
505
500
499
500
503
486
515
501
498
532
480
498
494
504
499
531
471
504
502
531
468
501
498
497
514
497
501
498
502
502
506
496
500
504
497
499
507
509
489
501
502
501
521
481
500
524
490
491
501
499
506
497
507
489
534
473
502
512
495
501
498
498
501
502
504
495
503
496
499
502
511
496
508
498
500
500
500
501
502
503
495
521
492
499
535
485
499
496
504
534
464
502
505
500
500
498
499
500
510
497
502
499
503
504
500
498
502
499
508
490
509
496
502
505
498
517
484
516
501
470
518
504
499
499
515
490
500
498
504
514
490
497
507
502
495
499
503
507
497
502
496
515
489
518
502
500
502
497
504
513
497
498
498
521
457
523
497
498
511
538
463
495
510
493
506
507
492
500
503
501
499
497
509
499
501
500
499
503
515
486
501
502
505
496
502
499
501
499
508
512
492
499
500
483
536
479
505
509
499
494
501
497
498
488
518
501
502
500
504
506
494
502
512
489
502
501
501
499
505
499
502
497
504
508
499
522
484
497
498
547
449
507
513
494
496
496
504
503
499
501
502
500
504
507
495
500
499
498
503
503
499
500
505
499
503
497
501
507
493
507
497
526
488
493
517
485
500
509
512
486
495
499
503
500
503
498
502
510
492
509
494
503
506
493
500
503
502
503
496
490
513
503
489
516
498
505
498
523
484
521
473
505
501
514
483
504
501
499
503
490
510
499
503
506
502
494
505
500
498
501
502
501
497
506
503
517
499
500
506
498
508
503
490
527
483
499
492
501
508
499
499
501
500
503
501
500
518
486
500
502
480
522
499
506
498
500
503
492
507
502
503
500
501
499
505
497
502
500
503
603
405
496
500
545
455
502
501
496
505
502
501
499
504
516
488
500
497
502
501
500
501
505
497
506
496
506
497
524
477
500
502
502
507
499
500
536
467
499
497
505
495
505
505
498
517
503
502
498
503
499
502
507
495
500
491
511
500
503
502
496
505
499
503
489
513
502
501
499
509
498
504
521
455
527
521
489
507
496
512
489
505
502
498
495
518
494
498
499
500
502
499
513
491
499
505
497
511
492
508
492
513
490
499
504
502
502
502
520
523
458
511
491
505
496
511
491
512
498
516
493
515
501
489
507
493
503
501
500
513
489
509
500
489
499
513
500
493
527
505
526
469
515
488
516
466
520
505
497
501
504
498
498
506
496
503
504
501
496
510
494
496
502
500
507
498
505
500
497
514
490
503
498
484
519
479
523
497
506
499
526
486
492
503
502
513
488
487
508
513
492
505
498
483
521
500
515
494
493
506
497
501
500
510
490
501
503
499
500
507
512
488
502
498
528
458
537
489
496
482
518
500
507
497
501
500
518
491
493
504
502
500
500
508
494
505
493
504
501
488
511
513
494
501
497
506
498
506
494
558
450
499
516
487
494
484
521
486
519
508
492
499
504
511
494
495
503
502
502
484
531
490
500
480
518
500
505
510
490
485
515
519
480
505
499
501
513
477
592
408
532
521
475
484
516
505
502
505
499
511
486
507
494
506
493
510
496
474
527
503
492
513
492
517
497
540
480
504
503
517
480
499
505
503
498
505
488
509
516
502
503
501
502
500
500
503
507
492
505
500
505
493
500
496
485
524
505
497
508
497
497
502
506
500
523
480
496
502
505
498
502
505
494
504
503
491
509
477
520
508
496
499
501
501
560
425
521
500
499
483
521
502
504
499
497
500
513
480
500
527
468
525
496
502
501
499
508
499
498
504
496
503
506
494
538
447
506
516
500
504
498
500
503
500
478
523
481
520
502
503
523
502
493
500
509
494
493
511
505
493
502
501
497
508
531
452
526
506
495
492
511
496
497
505
499
495
510
499
500
509
498
498
478
522
501
500
501
505
498
529
470
499
504
505
512
485
529
492
500
507
505
493
497
518
487
520
479
511
493
505
496
503
504
500
500
499
504
499
502
497
502
500
501
507
519
533
445
528
494
497
502
503
499
504
499
501
504
507
511
499
503
513
494
494
505
499
497
500
487
520
497
483
516
507
499
540
445
521
499
514
488
500
501
484
521
498
502
509
495
498
512
494
479
522
512
489
501
501
503
494
505
498
503
500
518
536
446
526
499
499
508
494
504
500
518
464
514
516
490
499
504
503
501
498
500
503
500
520
487
499
496
499
505
502
517
483
501
520
480
526
497
500
503
500
504
497
498
523
481
522
502
499
502
500
500
499
506
495
511
493
500
501
497
506
499
487
498
531
490
503
497
502
500
503
499
489
514
511
509
501
527
472
505
499
505
497
500
502
503
499
500
504
501
494
501
533
464
521
494
498
502
497
508
495
508
495
503
513
487
500
501
502
504
500
481
549
472
500
513
490
505
497
500
501
502
501
481
532
498
499
495
504
496
504
500
501
499
501
505
506
476
520
501
501
500
504
500
500
503
499
507
490
502
505
517
501
500
482
518
482
520
506
502
507
493
506
493
502
517
508
492
506
496
509
493
505
502
497
504
500
499
499
508
495
504
502
541
439
522
502
500
500
508
497
502
498
493
491
518
502
499
505
476
530
493
505
499
500
499
503
500
504
506
493
504
500
534
449
522
502
506
491
507
497
503
497
501
504
498
501
514
487
505
499
510
493
502
497
504
502
497
511
477
516
501
504
516
465
523
495
504
499
504
500
498
505
498
498
523
504
496
501
503
506
495
499
504
500
514
491
497
501
497
503
499
506
499
488
495
524
499
499
504
500
499
502
505
502
510
508
496
518
489
500
502
501
511
489
502
510
481
502
494
506
528
490
502
533
457
510
511
505
498
510
494
499
504
496
500
509
498
528
474
499
506
498
494
508
501
500
500
509
489
505
518
501
501
497
541
445
522
501
502
500
511
488
507
501
500
498
503
497
501
502
501
505
503
496
482
519
535
474
495
501
502
500
506
496
537
451
520
497
500
498
504
496
505
503
513
507
504
504
492
505
500
500
499
516
487
483
522
518
483
497
524
505
495
499
503
479
499
526
501
496
509
493
507
496
519
497
507
476
523
502
509
497
493
504
502
502
514
481
509
496
503
498
504
500
502
537
460
512
494
502
482
504
514
502
502
507
495
499
502
501
501
507
500
495
505
500
499
500
501
505
514
484
521
498
515
510
461
526
499
499
497
504
507
495
517
502
502
497
504
500
504
498
503
476
526
499
503
498
498
499
506
501
501
503
478
521
552
431
521
504
477
521
536
465
518
498
506
500
500
502
500
504
493
491
516
508
497
499
510
501
494
500
500
505
493
506
481
503
523
500
502
494
502
532
472
516
492
538
438
517
504
504
495
506
500
502
508
493
499
506
499
497
500
505
503
499
501
499
482
520
500
499
503
502
500
505
501
498
503
499
498
511
511
486
494
509
502
495
499
498
507
521
484
501
486
516
502
532
453
523
488
509
496
504
502
500
501
498
503
501
500
503
499
501
503
500
483
567
457
498
518
499
499
503
499
505
499
504
487
516
500
498
496
505
501
503
501
500
499
506
496
504
499
503
500
501
500
499
508
496
506
494
525
483
504
498
502
501
535
453
512
499
486
518
501
501
506
498
498
504
501
496
502
512
492
480
519
502
498
506
500
502
498
505
497
504
498
528
500
457
533
490
500
492
503
506
504
500
499
501
502
503
499
507
474
524
499
482
519
500
522
500
498
501
503
499
503
501
500
481
501
501
521
506
500
503
506
491
500
499
500
504
505
511
490
501
498
501
498
503
529
492
501
500
503
502
497
500
502
513
471
527
495
500
511
491
505
525
477
497
500
505
500
503
498
501
503
498
515
486
505
497
500
507
500
498
504
479
556
445
506
516
504
497
502
504
499
501
499
501
503
508
500
494
500
483
511
513
499
500
505
497
500
499
505
500
501
495
507
515
473
517
497
503
519
498
502
503
483
519
499
509
492
503
505
496
502
498
505
506
512
500
521
480
504
499
500
500
519
521
445
526
511
503
505
496
503
498
506
498
501
505
511
486
516
465
539
486
502
497
498
503
546
460
509
494
499
499
507
494
485
512
526
482
518
502
507
493
511
495
500
511
496
496
518
492
491
500
501
503
512
494
502
509
490
499
503
516
485
500
537
452
515
500
517
487
499
501
503
498
501
504
486
513
493
509
482
523
499
525
493
501
485
515
489
517
501
499
560
444
519
464
527
491
522
495
502
500
508
496
504
499
505
494
505
498
505
497
512
505
490
514
503
501
482
520
499
502
505
499
501
527
453
572
453
513
500
500
505
500
505
495
503
501
501
500
502
501
501
501
482
519
501
503
483
515
505
519
487
495
501
514
489
478
517
508
498
501
533
470
503
506
516
484
498
501
500
512
491
500
502
502
500
502
499
501
505
497
501
500
502
505
523
471
531
493
506
493
501
501
505
506
494
505
505
494
495
503
503
504
500
517
490
496
498
503
503
498
508
499
499
502
502
540
436
503
524
497
502
500
502
501
501
495
504
483
522
498
529
493
503
498
505
497
502
500
492
510
503
500
499
504
501
529
453
502
517
500
503
505
495
507
497
499
503
502
498
501
501
502
503
498
502
511
500
490
505
504
498
502
499
496
506
496
533
454
521
500
503
495
508
497
505
499
501
497
509
499
498
499
505
479
519
505
499
503
501
518
481
503
500
503
516
484
504
498
481
521
499
497
507
504
501
500
501
501
500
483
516
502
500
506
500
497
511
493
500
502
502
508
497
495
502
561
468
523
452
526
495
501
498
503
500
508
499
497
496
502
502
521
500
502
498
508
499
494
503
507
500
499
497
504
505
516
573
442
514
461
544
473
499
503
495
504
503
506
489
503
498
509
497
502
500
484
524
499
498
501
499
504
499
497
506
519
502
497
527
459
525
546
450
501
500
534
471
509
510
476
508
497
485
518
515
490
507
474
522
507
498
491
515
488
504
499
505
481
528
532
442
522
502
503
499
501
518
488
494
500
531
477
500
500
498
503
502
497
502
502
500
503
496
486
526
495
504
483
519
484
494
530
500
501
479
496
519
495
509
513
486
501
504
506
500
508
491
504
495
508
492
502
501
507
500
502
512
502
505
500
536
444
528
501
507
491
498
496
504
501
503
507
497
499
482
522
505
499
494
506
514
488
498
505
496
502
519
508
493
521
476
505
510
494
505
475
523
500
502
500
505
497
500
503
497
502
531
475
498
502
503
504
497
503
496
501
514
488
503
501
502
523
464
516
504
497
504
502
492
506
525
498
481
520
501
498
503
500
516
485
527
475
499
500
501
505
509
492
498
505
516
486
532
450
521
501
497
504
499
505
498
512
492
501
500
498
509
498
497
506
498
502
501
497
501
507
517
492
507
504
499
521
468
493
530
494
500
499
501
498
499
508
498
501
503
501
512
490
506
497
510
491
500
501
498
505
519
499
503
501
499
504
503
532
446
522
479
525
508
487
527
478
501
498
505
509
499
493
503
501
509
501
501
494
482
533
505
501
514
488
480
524
477
555
452
521
506
493
496
480
520
536
475
500
504
515
494
484
508
498
497
501
505
502
485
514
502
499
510
494
513
489
507
495
561
423
528
491
513
488
531
490
498
525
470
528
513
491
499
512
488
505
481
518
510
491
519
502
523
496
502
497
501
503
512
498
475
520
499
496
503
504
502
502
502
505
493
507
497
500
502
498
506
494
503
500
498
516
490
504
499
504
500
506
499
537
441
523
502
499
500
503
499
500
504
498
501
501
501
501
504
500
531
469
502
518
521
484
499
499
504
497
504
504
498
505
550
431
516
499
499
499
508
503
498
505
500
499
501
502
498
517
485
501
502
519
517
557
428
501
502
511
492
499
503
498
518
464
536
492
496
504
499
498
501
503
500
502
492
509
499
504
501
507
494
508
495
504
499
501
502
498
529
483
490
501
534
500
447
523
498
504
505
482
517
502
495
518
489
502
498
504
499
504
499
519
481
523
498
499
502
500
502
496
503
504
502
510
542
433
519
524
477
500
504
501
502
482
521
492
508
501
499
502
504
477
543
496
510
496
497
504
505
494
481
525
483
515
518
466
526
492
514
491
503
501
507
495
498
487
516
503
507
493
506
498
524
492
516
471
512
501
503
502
509
493
501
503
497
538
464
523
503
494
503
500
500
506
502
505
492
517
485
501
500
516
506
499
503
503
500
500
500
503
500
497
506
498
501
498
544
447
517
498
501
503
500
502
513
487
506
504
539
455
496
509
501
499
498
504
505
496
502
504
500
499
502
498
500
505
537
463
519
503
490
509
501
502
498
506
502
496
503
507
495
500
519
501
500
513
492
503
497
500
500
504
496
504
499
499
498
606
386
543
498
489
495
477
532
499
507
510
487
505
463
530
497
507
506
494
501
504
503
508
490
494
534
451
525
494
504
517
499