274
221
278
253
227
271
200
241
256
230
255
263
258
248
268
240
272
201
266
254
233
270
235
264
246
255
258
221
268
248
271
234
254
244
262
244
257
238
259
249
248
251
255
247
248
249
254
249
249
259
255
258
237
253
251
250
236
257
247
256
250
250
266
235
250
254
247
254
262
232
261
242
253
247
276
227
264
237
255
245
248
251
256
247
255
243
255
270
240
246
267
233
248
298
223
228
250
263
242
251
245
260
259
240
247
249
261
238
251
251
252
251
253
256
240
250
252
247
268
234
254
254
246
277
231
248
248
249
254
248
261
239
231
268
240
263
229
277
251
245
254
246
258
241
250
250
255
243
257
224
295
236
245
252
263
239
256
238
253
270
237
249
236
294
226
244
265
242
245
251
261
243
249
249
259
242
253
245
249
256
251
250
258
240
250
254
257
260
216
249
282
239
250
250
314
199
241
247
252
250
251
251
302
198
248
251
248
247
252
258
230
268
260
243
266
234
251
250
252
251
252
251
251
246
252
254
248
254
244
257
265
241
244
296
210
250
243
248
251
244
259
253
248
250
252
247
253
252
248
248
252
251
252
250
250
233
282
239
250
247
252
248
254
248
252
251
263
247
244
243
255
251
269
239
246
246
251
251
236
261
257
250
249
253
245
253
252
252
246
250
249
257
250
247
250
255
247
248
254
252
248
256
246
293
209
250
251
252
249
251
252
258
222
269
252
255
249
245
248
254
250
251
247
252
255
267
220
262
253
241
258
247
258
247
257
247
243
253
254
256
225
268
252
260
234
255
252
252
249
248
253
248
255
252
242
259
245
248
255
243
258
248
250
255
247
251
249
253
247
254
251
249
251
290
223
249
258
237
245
254
246
290
211
251
250
249
255
250
245
257
247
251
251
250
250
251
255
249
249
248
252
263
237
253
246
246
276
232
252
250
283
229
272
215
255
250
245
258
239
268
253
239
248
254
251
246
254
250
252
247
250
255
246
249
254
251
251
250
250
249
255
249
247
246
252
254
260
254
237
268
240
276
223
246
250
253
251
249
250
250
251
268
233
251
250
253
248
252
249
253
246
254
254
241
260
249
246
246
259
251
252
248
272
250
231
250
249
255
245
250
261
237
255
250
252
247
252
252
257
242
249
253
252
252
239
261
246
252
251
238
264
248
250
251
252
251
250
250
250
284
223
292
203
252
250
253
246
255
247
274
216
256
255
252
251
250
250
250
246
253
250
254
248
254
247
251
253
250
252
249
251
251
261
251
237
275
238
245
246
250
269
234
246
253
252
247
247
270
240
242
256
249
252
235
271
248
251
250
248
250
254
247
250
249
251
251
251
253
236
268
246
307
205
237
231
277
242
249
254
266
238
252
246
249
251
257
258
239
250
253
247
251
253
248
254
246
257
245
255
244
250
251
254
247
253
252
243
277
236
247
260
239
249
254
247
244
269
242
248
252
249
251
251
236
265
250
249
261
247
243
251
252
247
247
256
252
247
254
247
256
245
266
238
273
237
242
248
256
244
281
221
251
254
246
250
254
250
251
250
253
244
253
257
245
252
245
254
248
255
242
255
270
232
250
254
249
253
248
251
266
287
203
261
239
247
249
250
252
272
230
247
252
234
264
251
254
253
243
253
248
276
234
246
230
272
249
255
246
251
252
251
295
209
226
269
252
261
246
245
279
228
243
252
251
247
245
256
251
252
244
259
250
249
253
247
251
252
255
245
252
248
250
256
244
253
250
253
251
250
249
268
232
259
245
246
255
250
243
262
231
265
249
250
254
252
232
261
255
250
253
249
250
251
248
257
251
245
251
233
267
247
252
249
256
250
255
255
240
240
289
223
251
249
253
268
235
246
250
249
253
253
252
248
251
251
248
250
250
252
252
250
247
252
251
251
264
237
244
258
246
294
209
252
261
236
257
251
250
267
252
225
254
258
246
256
245
249
249
253
252
248
249
251
248
253
247
260
245
248
252
253
262
235
253
252
251
249
251
260
268
249
227
255
244
258
244
253
251
255
255
236
253
250
244
256
272
237
244
243
256
250
252
250
248
250
253
250
251
249
251
251
252
252
250
249
251
249
256
243
252
248
251
260
238
256
249
249
249
257
242
259
249
251
255
248
245
253
251
252
264
234
254
249
247
252
253
248
250
254
283
215
247
282
235
217
273
245
263
244
250
247
253
251
281
221
251
253
248
249
253
247
252
250
268
243
239
252
250
251
249
251
253
249
251
250
252
247
250
307
204
244
251
248
259
238
260
245
250
251
253
248
250
253
257
243
250
250
251
250
251
260
241
251
250
245
259
246
245
256
249
252
253
250
250
262
244
247
279
231
243
252
249
250
247
234
277
241
252
250
253
248
255
244
277
226
255
246
255
246
242
260
250
261
238
254
250
250
249
271
234
282
224
241
252
251
248
257
244
251
250
250
249
251
255
255
241
253
250
249
248
253
253
252
255
244
252
250
253
245
282
225
247
251
251
270
233
271
242
240
252
230
265
250
249
251
251
233
269
253
237
264
248
251
248
266
241
245
251
253
248
251
248
252
253
248
251
254
254
247
248
250
255
276
229
239
253
269
227
243
261
255
249
248
254
251
247
253
250
250
250
249
252
257
243
253
253
262
230
259
246
261
239
254
244
256
249
256
253
258
241
249
246
253
251
249
249
251
232
281
239
251
251
250
252
254
245
251
249
256
247
247
254
248
252
248
253
234
266
306
190
258
254
246
252
249
262
268
222
251
250
249
249
251
253
251
250
252
263
240
247
251
248
253
247
267
240
250
242
254
253
251
247
252
250
254
245
253
263
241
264
229
289
201
272
251
255
241
250
249
260
238
256
250
250
249
251
257
243
247
256
249
254
246
253
248
254
247
252
277
227
248
251
256
257
237
259
248
279
217
254
253
244
251
249
252
249
245
259
251
243
266
234
250
259
248
253
249
251
247
254
233
262
257
249
257
245
249
284
218
251
249
251
247
272
245
256
233
247
254
243
265
242
252
260
242
256
245
250
254
246
250
251
248
252
255
245
263
239
256
244
252
260
242
261
237
247
260
240
264
254
252
242
249
249
252
251
248
250
255
247
251
250
253
252
245
253
252
245
256
247
254
248
251
249
250
252
252
229
274
242
257
256
244
250
250
276
238
241
248
244
256
253
249
250
250
255
247
252
247
253
250
248
251
254
251
250
242
256
248
257
248
249
252
236
260
258
249
250
269
236
246
250
262
243
251
248
250
249
250
253
249
250
251
232
266
256
246
246
256
247
253
256
248
249
249
250
252
334
168
248
254
249
262
236
257
288
208
255
272
205
266
259
247
249
251
248
256
251
246
249
255
250
251
249
251
247
275
232
248
252
250
249
234
262
255
251
267
235
249
251
252
252
246
256
275
230
243
250
243
247
267
247
254
245
252
251
249
251
250
253
247
253
250
254
245
250
252
253
248
250
250
248
255
250
251
268
235
245
253
243
319
207
236
248
251
245
261
245
252
247
239
261
256
249
250
249
252
248
253
248
250
252
254
246
245
254
310
184
260
273
217
262
250
262
231
280
214
264
257
232
250
246
257
242
273
252
232
278
238
250
247
253
258
228
266
245
251
256
256
249
247
255
249
248
252
269
233
248
251
249
269
232
275
236
246
247
248
251
258
238
257
250
251
251
250
243
241
252
260
250
239
266
255
247
254
229
332
189
256
244
251
250
255
247
269
230
256
228
270
247
239
266
256
242
251
252
243
257
253
245
254
255
248
229
271
251
249
251
248
255
255
267
221
273
234
268
247
237
256
244
250
256
253
244
249
247
257
249
248
248
256
242
256
255
249
249
254
250
253
248
246
255
254
245
252
250
249
250
253
248
260
241
251
253
296
210
243
250
247
255
253
260
232
256
250
254
245
253
249
253
253
248
249
251
250
250
251
253
256
243
255
244
255
262
222
321
194
244
261
241
258
250
249
267
266
221
249
273
215
266
249
254
259
241
244
252
252
245
255
251
259
241
249
250
255
246
249
254
247
260
243
246
259
251
261
238
250
253
248
250
256
246
257
258
222
274
245
245
256
245
255
245
253
250
250
267
236
245
254
252
259
239
252
252
249
265
238
248
250
256
248
255
248
260
239
249
249
251
253
247
239
266
231
266
249
254
248
253
234
269
250
252
256
224
268
249
252
252
253
250
248
247
261
244
258
241
255
243
240
264
251
250
281
229
259
228
286
224
253
239
240
270
247
249
270
234
248
254
250
251
250
248
255
244
255
249
250
251
260
239
251
252
250
299
203
249
251
242
238
275
249
248
282
228
245
246
250
252
249
254
259
244
266
212
266
255
249
250
275
228
249
253
248
254
273
225
250
255
238
261
250
250
270
230
250
260
239
252
280
233
254
244
248
244
250
262
242
251
250
250
232
266
251
249
255
252
247
251
247
255
242
256
236
288
232
232
272
245
250
250
252
260
242
250
265
248
244
244
254
250
249
251
249
251
252
246
251
253
249
249
251
255
247
252
304
199
244
253
259
247
247
252
268
233
249
250
264
250
245
245
262
271
221
226
271
251
248
252
254
248
273
226
257
244
251
247
259
246
250
256
247
249
250
252
259
237
253
253
232
267
252
266
240
244
251
246
291
212
256
243
250
253
250
251
254
251
255
251
248
246
253
252
261
239
247
253
250
248
251
253
251
254
253
243
230
271
251
253
246
248
255
253
277
222
258
242
247
252
253
250
261
236
256
250
250
253
253
247
256
242
250
252
258
263
230
254
241
238
262
259
251
265
246
238
260
240
254
249
276
230
248
247
261
239
251
253
230
270
251
250
252
249
249
251
257
238
255
251
248
254
249
251
261
240
251
251
234
269
250
250
257
244
249
253
267
244
240
250
259
244
248
251
252
251
230
275
238
256
243
256
235
266
253
260
241
250
250
253
255
244
266
233
256
248
250
249
258
243
253
261
227
274
246
241
270
232
253
251
253
240
258
250
261
236
257
246
263
242
247
250
253
250
265
235
249
250
256
248
257
247
247
249
250
251
255
245
246
249
239
264
254
257
249
248
253
244
263
243
258
241
251
250
249
255
250
260
239
252
251
231
271
294
205
249
253
249
251
244
247
259
253
249
244
284
226
248
251
252
250
261
250
240
255
243
258
244
250
252
256
244
252
251
229
275
247
246
253
250
249
250
276
234
243
252
250
257
247
249
258
276
224
245
250
250
248
236
268
248
252
253
234
264
252
250
249
255
246
252
242
276
231
252
236
263
255
258
242
251
252
255
249
245
250
253
259
256
246
221
256
269
240
251
253
238
272
239
232
272
250
251
248
252
268
234
258
243
249
254
250
250
259
243
259
237
254
250
253
242
262
247
257
246
271
229
262
237
247
252
248
255
250
257
245
251
247
251
253
253
246
251
263
265
220
255
252
247
253
250
255
265
230
250
253
264
233
252
251
247
293
210
258
247
255
245
257
242
250
256
254
243
250
252
252
248
253
249
262
237
252
249
241
274
239
248
253
250
250
250
245
255
252
252
255
243
277
226
252
247
256
251
247
249
252
250
253
246
253
250
257
244
251
255
243
251
248
250
258
241
255
264
245
243
251
275
221
255
251
255
256
242
258
263
213
267
249
252
264
238
253
247
258
243
250
274
226
253
255
241
254
243
278
230
259
240
257
251
248
250
255
244
256
244
255
249
252
247
257
269
211
269
246
252
231
272
257
221
275
241
254
249
255
261
237
252
245
256
246
255
255
259
240
251
255
242
257
246
258
244
250
251
252
247
250
252
262
244
240
257
253
247
251
249
255
243
252
263
225
266
252
250
273
227
251
249
264
236
257
247
267
232
253
249
250
249
256
243
256
242
260
242
291
218
251
250
240
262
248
235
272
243
255
245
236
267
255
246
233
265
261
262
243
236
253
251
276
226
249
247
246
259
247
261
225
268
249
251
281
225
248
247
254
249
250
250
254
247
248
265
253
236
270
231
236
261
256
244
257
243
289
209
259
252
248
251
266
237
249
251
264
241
248
249
240
272
241
248
246
256
257
245
254
254
245
249
260
240
252
241
260
249
250
250
257
247
249
250
253
257
242
250
252
259
248
245
243
256
251
250
263
252
240
249
249
251
253
248
246
249
255
247
280
226
249
252
252
258
246
244
290
212
249
255
254
246
242
257
254
245
253
255
245
253
247
254
250
253
248
243
258
251
249
250
237
258
257
251
254
247
247
266
240
247
250
250
254
251
256
263
230
253
249
253
248
252
248
249
233
270
250
252
252
268
232
251
250
249
253
229
267
255
248
249
256
248
260
247
244
249
280
216
258
255
244
254
243
260
244
245
257
247
261
225
273
250
250
247
255
271
246
236
247
251
250
250
252
251
250
244
261
278
218
241
258
251
252
254
243
282
221
245
262
243
254
252
244
253
250
261
244
248
250
267
240
243
248
258
265
234
250
250
253
248
250
251
248
250
255
255
245
243
258
248
252
251
250
253
252
253
249
244
252
250
255
249
249
249
250
254
252
252
273
225
251
248
251
249
232
263
254
246
258
250
252
248
251
255
246
271
229
255
251
250
267
218
278
236
254
258
239
251
248
256
248
251
248
256
271
228
244
257
250
251
250
262
234
253
252
253
285
222
241
251
250
253
256
241
270
236
248
250
249
255
245
252
251
249
253
245
256
246
263
243
274
232
247
249
251
251
249
250
250
253
242
255
266
239
250
268
231
253
249
249
255
246
249
252
256
233
271
251
242
252
250
252
250
247
254
253
249
273
229
247
252
250
250
255
234
264
300
198
251
251
251
251
253
241
281
222
257
243
256
254
254
228
265
250
251
249
254
249
252
248
265
236
251
274
233
248
247
252
249
251
250
254
246
265
237
269
209
273
233
271
248
255
250
259
238
252
250
250
253
244
254
255
245
252
250
255
252
255
239
252
260
242
252
248
245
255
272
229
256
245
251
254
247
251
251
249
263
238
249
253
251
252
246
251
253
249
252
246
252
254
250
247
253
249
250
252
274
237
241
252
257
243
249
250
264
239
251
249
254
251
229
269
250
253
249
249
260
243
246
253
250
253
247
254
245
260
238
258
253
244
254
249
276
208
272
248
249
251
250
252
251
252
247
256
299
199
249
249
253
251
249
251
248
261
240
251
249
251
253
249
255
246
252
250
251
255
248
237
273
249
245
247
249
251
250
277
225
254
246
248
255
244
255
258
238
257
245
260
233
250
264
253
247
255
245
262
242
248
256
228
270
250
251
249
252
257
245
277
221
251
250
253
250
250
306
195
255
243
250
249
258
245
262
242
251
250
250
249
250
253
255
251
245
252
250
251
261
237
250
251
249
348
137
291
243
272
222
217
285
268
233
256
243
259
238
252
256
250
248
248
254
251
244
252
259
259
213
278
243
249
255
246
252
251
236
257
238
268
252
255
245
255
261
237
258
242
251
250
253
246
251
252
269
237
247
280
199
272
251
251
250
249
250
254
227
267
252
258
246
258
242
254
254
224
273
250
247
254
264
234
254
246
254
280
222
281
197
252
268
252
250
247
259
250
248
248
245
259
247
254
266
238
248
249
252
248
258
240
257
227
271
249
250
251
253
252
229
276
244
249
249
252
288
214
234
246
268
253
257
229
267
252
258
227
266
244
261
244
250
257
247
253
249
246
252
309
175
245
274
254
247
246
251
252
254
245
255
245
254
254
247
259
246
253
245
249
248
249
253
257
247
250
250
251
250
252
281
200
250
268
253
254
244
249
274
226
255
226
260
266
251
250
254
250
252
247
248
252
251
252
247
251
249
254
251
247
285
201
268
249
251
247
264
241
249
260
237
249
258
251
252
247
251
269
233
250
250
249
258
246
254
266
234
251
238
259
295
185
272
249
248
261
249
250
241
256
240
260
250
249
249
251
253
233
278
243
247
254
251
252
245
257
278
218
232
273
228
250
270
252
258
236
257
244
262
238
251
258
250
249
250
252
248
254
247
231
272
232
271
253
246
250
250
283
226
240
271
215
277
240
248
262
243
250
251
254
246
253
250
250
253
248
250
252
252
249
262
237
252
252
250
248
257
247
247
253
250
250
236
267
247
250
258
233
270
245
242
257
249
250
259
249
247
253
251
245
263
247
247
246
252
246
275
234
241
254
233
302
197
269
252
248
252
245
256
247
260
230
263
255
248
280
202
252
250
269
250
252
252
250
255
245
250
249
254
249
230
303
198
251
268
257
239
257
247
254
248
254
250
253
247
250
264
240
254
249
248
251
247
250
276
231
246
255
248
250
256
254
220
277
246
247
250
253
229
272
245
260
246
248
251
247
268
240
250
257
225
268
251
253
248
289
211
253
250
253
247
269
213
299
223
249
246
235
278
242
252
248
236
291
210
251
264
235
274
246
232
271
256
239
261
242
309
191
258
243
253
255
229
269
264
232
255
244
252
248
260
241
255
252
263
241
247
258
249
253
244
247
249
254
265
242
246
251
253
250
251
247
234
274
243
266
233
251
247
237
262
255
254
247
253
244
256
254
249
256
249
246
252
246
253
250
247
254
254
248
253
248
232
273
247
245
274
231
250
237
256
251
257
252
277
224
248
252
251
257
244
250
253
249
252
254
245
252
264
225
266
255
274
211
254
253
246
268
238
252
251
248
250
251
249
271
224
259
253
249
245
256
248
256
249
259
234
257
250
250
250
255
271
204
277
244
260
239
255
245
256
241
261
247
251
251
254
245
251
253
249
250
251
253
262
239
249
249
268
235
250
250
277
206
274
247
246
253
247
269
220
265
251
251
249
250
252
249
253
251
256
244
254
249
249
301
207
257
229
258
231
269
251
293
208
252
249
249
254
246
253
251
255
245
250
235
263
257
248
255
250
247
249
241
275
239
251
236
264
248
251
254
246
278
228
248
250
238
268
242
253
249
265
237
231
272
248
257
248
251
249
257
247
245
249
253
255
246
250
250
252
249
259
247
231
246
271
245
255
245
255
247
253
263
239
255
247
236
264
253
252
250
249
249
250
251
253
233
265
253
249
249
255
253
272
203
268
253
249
248
256
249
256
249
260
239
251
248
254
247
254
251
253
247
247
254
248
246
248
258
259
241
249
260
244
233
270
244
266
233
255
244
264
242
252
267
236
247
255
248
255
260
243
266
230
249
249
257
251
243
250
256
248
283
202
267
250
261
241
251
267
232
247
254
251
249
250
252
255
228
247
275
249
250
255
245
259
240
264
239
255
253
268
249
213
266
250
244
258
251
250
250
268
230
258
243
249
274
231
252
250
259
241
253
246
254
251
248
250
250
251
251
252
276
201
275
259
236
250
256
244
259
247
259
244
248
249
255
249
252
253
247
252
245
255
250
231
270
254
245
255
243
252
253
256
224
286
238
244
253
245
258
258
244
252
247
250
251
252
249
252
231
255
249
266
251
249
255
250
244
253
252
249
249
277
210
275
247
246
248
254
251
250
250
248
252
251
249
254
247
253
271
213
261
253
252
252
252
247
255
253
249
247
228
272
230
276
243
255
249
248
252
253
230
264
256
251
253
249
243
287
225
249
247
248
256
249
248
254
247
254
248
252
255
243
284
195
273
250
251
246
253
254
256
247
248
248
253
251
248
251
254
252
229
274
245
257
244
257
245
255
261
237
251
243
250
244
238
282
227
250
249
247
275
228
282
238
249
264
235
255
262
220
249
281
237
266
233
258
255
224
253
265
232
260
264
280
202
272
247
260
239
253
248
254
246
251
254
250
249
250
260
245
252
246
249
263
238
249
255
250
248
252
299
209
247
249
227
274
251
246
269
231
258
249
244
261
254
241
249
249
272
215
268
249
247
253
250
250
253
247
252
248
255
251
243
251
289
194
278
241
262
246
245
254
250
252
248
250
254
257
242
255
246
233
272
247
253
249
253
250
248
250
254
253
243
256
227
246
275
249
253
257
243
249
257
245
252
249
265
216
275
246
253
253
244
251
251
249
251
235
268
247
251
254
251
246
266
219
276
240
255
249
233
270
247
253
250
250
251
250
250
257
246
250
257
245
249
252
252
257
249
246
248
250
251
248
236
252
240
280
238
259
251
250
252
246
254
248
250
257
247
251
246
256
232
268
265
235
252
253
272
224
250
252
250
248
254
252
231
246
274
249
250
246
255
256
247
248
251
253
255
245
249
252
250
249
260
242
249
254
252
249
248
247
265
242
247
252
291
190
268
257
245
250
253
232
277
257
231
255
251
250
254
247
250
234
270
231
269
247
236
265
263
243
254
231
249
247
286
227
306
186
252
268
258
221
288
248
214
264
263
225
272
249
250
252
263
231
237
277
242
256
244
254
251
249
249
246
259
240
258
252
237
244
270
247
254
248
253
259
239
249
253
231
270
251
249
248
253
250
250
251
233
262
254
254
233
280
236
286
201
294
222
250
252
251
250
251
249
253
277
224
249
250
251
251
255
264
231
250
255
249
261
235
252
256
247
248
256
250
229
280
241
249
250
250
251
251
248
256
249
248
247
257
257
262
239
248
246
256
230
264
250
254
246
276
228
250
255
241
241
244
278
247
251
258
241
254
246
258
244
248
234
266
256
249
249
247
253
250
257
248
248
251
260
237
252
247
286
218
233
252
270
249
250
249
236
264
250
254
251
256
240
254
251
251
249
255
255
244
253
244
232
275
245
254
249
250
249
247
255
232
275
245
250
253
263
245
241
255
250
246
250
254
249
249
250
259
240
265
241
251
247
253
253
253
241
260
243
249
251
284
202
272
250
251
249
248
288
212
252
242
261
249
248
254
249
233
247
270
252
249
253
250
250
247
256
249
255
247
253
246
232
272
247
256
249
247
251
235
288
228
245
257
250
250
249
262
245
248
251
243
260
247
246
255
249
232
270
261
240
245
275
214
270
230
267
254
250
255
243
250
251
239
263
249
251
252
256
254
244
247
250
266
230
258
250
251
243
257
253
248
261
273
198
260
260
250
251
256
243
250
251
257
244
256
247
251
249
278
227
249
250
250
250
250
256
288
209
255
246
243
256
251
236
275
243
247
251
254
248
248
255
247
252
251
249
251
247
259
249
259
222
266
249
250
251
255
263
239
249
251
250
255
276
211
280
231
249
256
247
252
250
248
248
251
264
239
248
259
254
240
247
256
250
246
258
243
255
249
251
251
254
249
246
292
193
268
253
255
251
252
251
258
220
275
247
259
243
247
258
246
225
268
233
271
226
276
259
261
211
270
257
237
237
271
241
261
264
238
251
248
250
250
258
242
255
233
269
250
250
245
256
243
232
278
246
248
254
277
196
278
251
252
250
245
253
251
261
241
249
251
248
266
240
246
254
308
189
252
250
250
262
236
249
272
234
257
244
281
203
276
241
250
252
237
268
252
242
256
247
252
249
249
254
250
255
244
317
187
252
248
255
248
246
253
274
223
253
286
191
277
250
250
249
251
249
256
248
250
248
239
267
249
249
252
252
245
261
243
255
244
257
243
254
240
258
275
223
252
231
274
252
247
249
265
239
251
248
251
250
236
278
244
249
251
249
231
267
251
252
250
251
248
249
259
245
248
244
254
230
279
247
230
269
253
305
203
247
247
250
252
252
242
257
250
255
247
255
249
244
252
252
249
242
258
255
231
271
249
230
252
270
248
249
238
264
276
226
253
246
254
246
259
238
292
219
248
278
228
228
264
254
246
254
245
257
249
250
252
231
269
251
258
247
261
239
256
243
249
252
252
249
247
252
254
256
243
255
247
253
244
256
246
274
223
257
246
245
253
238
273
248
260
221
271
250
254
246
261
239
255
245
259
246
230
273
227
271
249
254
249
252
245
254
257
239
252
255
247
225
281
246
251
251
248
251
252
252
247
250
255
251
250
252
258
244
248
246
256
249
248
258
244
250
254
248
237
263
231
252
269
253
247
264
241
252
252
249
247
250
254
246
252
249
254
250
248
251
251
252
250
249
249
248
251
255
248
251
232
247
255
270
248
251
265
238
260
240
250
250
253
247
248
258
230
247
253
251
268
256
243
263
219
272
253
247
249
258
220
281
251
245
260
240
250
343
161
250
246
253
255
246
261
255
239
251
247
247
253
251
253
257
242
250
253
243
254
259
226
252
269
253
244
252
269
230
252
260
243
249
248
270
227
270
268
222
250
250
251
248
249
237
278
243
253
242
252
251
232
255
257
239
269
250
231
271
252
251
254
244
258
244
251
253
248
229
270
251
256
248
246
252
251
258
244
246
258
245
248
235
271
254
246
256
249
250
254
244
248
254
250
251
258
241
255
249
249
252