934
992
1004
1010
981
1031
995
1003
976
1017
1012
1006
999
999
999
1012
991
1012
997
1082
927
1026
971
994
1015
994
979
1023
1005
1006
973
1022
1001
1016
991
1011
1025
988
1000
984
1012
996
1001
1007
998
1025
978
1007
1007
991
1002
1009
1005
993
983
1025
1034
966
1003
1003
1004
990
1027
985
998
1007
1002
1001
1002
1001
1005
1008
1007
989
1004
1001
1005
1005
1002
1001
995
1007
1009
985
1008
1001
1011
992
999
1003
1005
1032
973
1028
974
1003
983
1018
1005
1004
998
1003
1016
1012
996
993
1010
987
1008
995
1000
1010
1002
1005
998
975
1035
999
993
1004
977
1026
1008
994
1003
1002
1102
906
1043
960
1003
998
1000
1007
1005
996
1003
1001
1020
993
996
1004
998
999
1014
999
997
1006
996
1008
995
1003
994
1016
994
981
1022
1002
1010
997
1001
1013
994
1026
974
1006
1008
996
990
1012
1038
941
1035
994
1008
997
998
1008
997
1021
992
998
1009
990
1000
1009
997
1000
1006
999
1023
979
1009
996
1007
1007
1000
996
1090
914
1001
1010
994
1028
990
997
1003
997
984
1017
1000
1001
1011
996
1006
996
1010
992
1004
987
1019
999
1003
998
1007
999
1001
1003
982
1024
1006
998
997
1010
1003
1003
994
1007
1011
1001
1003
989
1003
1012
1013
994
999
994
1010
1003
989
1011
996
1005
998
1007
998
1000
1002
1008
997
1003
999
1011
994
1001
1002
1013
992
999
1034
989
1016
952
1010
993
1024
1006
1019
1010
980
999
1008
970
1025
983
1016
1008
1008
999
1004
989
1002
1009
993
1004
1005
1006
1003
992
1016
997
989
1038
995
980
1017
1023
970
1008
997
1006
994
1012
994
1002
1013
970
1023
1001
1003
1008
996
1003
1003
997
1004
1005
1005
995
1011
993
1009
997
1006
995
1005
1050
964
998
996
1003
1033
971
1009
1010
992
1004
996
1017
984
1005
998
1019
988
999
1002
1003
1013
1000
1014
987
993
1010
998
1004
998
1002
1001
1002
1034
950
1039
987
1003
1004
999
982
1022
1036
971
1004
1005
1001
997
1002
999
1004
998
1003
1000
1002
998
1012
999
1010
998
996
1003
1001
1008
1005
996
1027
989
993
1008
991
1010
993
1004
1001
1008
1000
1056
946
1010
993
1003
1000
1001
1001
1003
1010
991
986
1003
1020
1001
1003
1008
998
998
1002
1024
992
991
1038
973
1013
988
1004
996
1007
1010
1006
989
1000
999
1032
974
1024
978
1005
1000
1005
999
1003
1000
1010
996
1001
1000
1009
997
1002
996
1010
1001
1002
1035
974
1009
992
1004
1002
999
988
1037
996
993
1004
1018
992
1018
987
1032
981
990
1008
1004
1000
1001
1013
987
1006
1018
986
999
1000
1005
1002
998
1032
995
985
1010
994
998
1002
1005
1001
1006
976
1026
995
1014
991
1009
999
1000
1024
961
1016
1013
980
1030
989
998
1009
1007
998
1022
985
991
996
1012
1039
971
1009
990
1009
995
1002
1013
1006
992
1000
998
1010
996
1000
1001
1005
993
1014
1025
968
1011
1006
997
998
1003
1014
995
1008
1010
1016
987
997
1067
942
1014
990
989
1024
994
1012
986
1017
996
999
1012
988
1008
990
1007
1008
997
1007
997
1038
969
1030
971
987
1026
990
1011
977
1025
995
1005
1031
992
994
1005
992
1002
998
1008
995
1013
1000
1001
993
1028
980
1005
1001
1000
999
1003
1003
975
1020
1060
952
1031
974
1009
987
1010
1023
987
1006
976
1045
981
1009
991
1005
1000
1001
1002
1021
956
1029
1007
972
1029
995
1003
1014
991
1014
1017
975
1002
1006
1005
990
1009
1006
1001
1020
980
1011
966
1002
1042
970
1030
1000
1004
990
1002
1013
998
1001
1009
989
1011
998
1000
983
1023
999
999
1003
1001
1004
1008
996
1004
1002
1007
996
1096
908
1039
969
998
1035
976
1006
991
1027
994
1003
1003
1009
989
1009
992
1030
982
1003
1010
992
1003
993
998
1016
999
1005
998
999
986
1006
1019
998
1001
990
1016
1011
1027
977
1016
981
1002
1001
1001
1006
992
1015
995
1005
1011
991
1002
981
1026
997
1001
1006
997
1006
1000
1008
999
997
1013
998
1000
997
1000
1007
1002
1021
1001
989
1009
986
999
1011
1000
1002
1010
997
1000
1001
1011
995
1002
998
1005
1004
999
996
1006
1000
1006
1011
994
998
1015
992
1004
999
1002
1000
1006
1035
974
1084
913
1024
981
1005
999
1003
1004
1004
995
1010
994
1002
1003
1003
1000
1000
1015
992
1001
1000
1002
1004
1004
1009
992
1004
1000
1000
1021
988
1038
977
1006
987
1006
1013
996
993
1001
1012
993
1000
1008
995
1001
1004
1001
1001
1003
1009
998
1015
986
1001
1002
1004
1003
993
1008
1006
985
1015
1015
999
1010
992
1013
986
1000
1009
996
1082
923
1020
975
1008
1011
996
1000
1006
1001
1004
997
984
1025
1002
1014
987
1000
1005
1005
994
1003
1003
1005
995
1007
1036
945
1033
989
1008
995
1008
1003
1000
1102
907
998
1009
989
1005
1006
1000
999
1003
1003
982
1023
1012
991
1005
1010
996
995
1000
1008
1009
994
1009
1026
984
993
1008
993
1000
1000
1009
999
1009
989
1009
1014
1008
982
1004
996
1004
1002
1002
1001
1000
1004
1006
1000
1001
1017
1013
991
1005
998
1014
989
1004
1003
1008
1010
991
997
1007
995
1017
997
1001
1003
998
1006
996
1078
933
1050
946
1004
993
1009
1000
1012
993
1013
990
1015
994
992
1011
1029
974
1002
1044
968
1000
1002
999
1005
999
1004
977
1029
994
980
1036
992
1001
1002
1058
942
986
1021
1004
998
1015
989
982
1027
1007
996
1011
991
1006
997
998
1054
971
996
1004
993
1005
995
1003
1005
1004
976
1026
999
1012
989
1002
1003
998
1006
1003
1010
990
1017
997
995
1008
979
1032
999
988
1002
1007
1000
1008
1032
977
1008
986
1005
1002
1004
1006
1004
999
1001
998
1012
991
1004
997
1004
999
1007
1006
996
1003
1002
1024
978
999
1014
996
997
1002
1007
999
1001
1004
974
1037
1006
991
1006
1000
1005
997
1010
995
1002
1003
1009
988
1002
1007
1000
1000
1002
1002
983
1019
1004
1004
1027
979
1006
1001
998
1001
995
1015
996
1056
957
1007
987
999
1009
1001
1002
1002
1007
998
993
1011
998
1002
1015
992
1013
988
1003
1002
1001
1014
992
1001
1003
1009
999
1014
985
1001
1002
1002
1035
981
996
1010
991
1003
1001
998
1002
1005
1006
1006
995
1007
995
1009
989
1016
994
1002
999
1004
1012
992
1003
1003
998
1010
1108
893
1013
988
999
1014
1036
967
1003
992
984
1020
1004
1002
1000
1012
993
1000
1007
991
1012
1000
1002
1003
1000
999
1002
1006
1024
987
1000
995
1016
988
1001
1003
1004
1024
981
1045
941
1019
1015
989
1008
993
1004
1007
1005
998
1004
997
1015
993
994
1001
1009
999
999
1005
1002
1002
1000
1004
1004
997
1032
974
1008
1002
992
998
1053
997
988
990
989
1008
1000
1002
1006
1000
998
1006
997
1005
998
1011
994
1006
1001
998
1000
998
1017
995
1000
1002
1003
1008
992
1004
1003
1005
998
1007
1034
947
999
1027
1003
1001
999
1006
1002
1010
996
998
1006
976
1020
1006
1008
993
1005
998
1004
1001
1002
1005
998
1024
983
1024
977
1002
1001
1002
999
1012
1016
991
1006
998
1002
1000
1014
983
1010
1001
1001
1000
1008
989
1008
1000
1001
1000
1003
1009
999
1011
1005
987
1004
998
1011
997
997
1007
1002
1002
1000
1043
971
1007
1015
978
1013
1085
912
1008
995
994
1005
1010
991
1002
1006
1007
994
997
1006
1013
991
1006
998
1001
1005
1021
984
1000
1002
1006
1004
998
1029
989
991
1009
993
1006
994
1001
1006
1008
1013
983
1009
1009
987
998
1012
999
1022
978
1000
1001
1002
1000
1006
1004
982
1028
987
1007
1000
1010
1003
1003
1044
963
1008
989
1007
997
1003
1005
998
1008
996
1044
981
1006
977
1004
1001
1001
1016
987
999
1009
1010
993
1009
991
1003
1003
1004
1010
992
1000
1003
1015
1003
1000
1001
990
1004
999
1003
1003
1007
1005
995
1000
1035
969
1056
966
1008
992
1007
1002
999
1007
1003
998
1003
1003
1005
1003
996
999
1007
995
1006
1058
954
1007
989
1011
998
1000
1000
1006
1003
1002
998
1012
990
1005
1001
1011
986
1011
995
1021
968
1021
1000
1004
1003
1007
1008
1006
1004
999
1008
999
1008
1010
998
991
1003
1017
985
1000
1003
1000
1012
995
1007
1006
994
1007
995
1001
1006
998
1008
999
993
1011
999
1001
1001
1013
991
1006
999
1003
1000
1003
1047
968
1004
991
1001
989
1016
1004
1000
1013
994
993
1012
1003
997
1000
1003
998
1002
1014
994
1019
990
995
1003
1001
1009
998
978
1026
998
1006
999
1032
988
992
1029
989
1000
1004
978
1037
989
1006
999
1004
1016
987
1004
999
979
1036
994
998
1023
981
1036
974
997
1001
1007
996
1007
994
1006
1002
1000
1040
966
1015
990
997
1004
1004
1004
1002
1002
1001
1002
1005
996
984
1031
997
998
1003
998
997
1010
1003
1002
1013
987
1010
997
997
1004
999
986
1060
971
1003
990
1009
994
1008
982
1020
1023
985
1002
979
1017
1012
996
1000
1008
992
1010
1004
996
1004
1001
1003
1000
1006
1002
1001
1026
976
1001
1004
1011
976
1024
1011
989
1008
995
997
1009
1007
996
1004
1002
1013
984
1007
1002
1001
1001
1009
997
997
1004
1004
1002
999
1003
1010
994
997
1011
1029
953
1038
1068
961
942
1026
1004
998
994
1036
952
1002
1030
996
1012
992
1027
959
1026
990
993
1024
1000
975
1033
999
990
1006
1005
1004
998
1006
985
1005
1029
991
1027
979
1004
1001
996
1002
1010
992
1008
994
1011
994
991
1011
1004
1004
999
996
1019
997
998
996
1008
1010
995
996
1015
1010
985
996
1012
1003
994
982
1003
1033
969
1019
1019
995
1005
991
1019
987
1004
981
1006
1015
986
1024
976
1023
996
1028
980
1011
1008
992
981
1025
1017
959
1011
1017
982
1035
997
1028
1020
961
1048
953
996
1002
1003
983
1001
998
1037
1011
977
1006
1000
985
1021
1015
1001
989
1012
994
1000
1009
996
1010
994
1002
1009
993
1008
1004
1036
983
983
1007
995
1077
942
997
999
997
1016
989
990
1018
986
1016
996
1001
998
1001
1006
1000
1003
1007
999
1006
982
1022
996
988
1017
1001
1006
996
1049
970
1006
979
1006
1008
1045
956
1024
978
1003
1004
1004
991
1009
1006
1018
1009
987
1007
1000
1000
1007
1007
995
1009
999
1000
997
1005
1009
996
999
1038
985
988
1005
995
1000
1010
998
1001
1005
1050
949
1009
1006
992
1004
999
1033
971
998
1001
1006
1008
996
1005
1000
1000
1010
995
1002
1009
997
1001
998
989
1024
1007
994
1005
994
1006
1004
998
1007
988
1068
953
1024
971
980
1025
1005
999
999
1006
1003
1007
994
1000
1005
1008
1000
996
1004
998
1000
1007
1039
980
993
1013
988
997
1014
1000
997
1020
988
994
1006
1049
953
1029
975
1056
946
1010
995
1004
1004
1000
1003
975
1024
1010
991
1009
995
1020
989
1003
1053
923
1042
987
1011
995
1003
1000
983
1028
996
995
1020
990
982
1022
1002
1006
1008
991
1003
1004
1001
1003
1001
1004
995
1004
1003
1003
999
1012
991
1029
1001
989
975
1021
997
999
1010
1003
1005
999
1003
999
1009
993
1003
1003
1006
1001
1002
996
1006
998
1007
1009
998
996
1003
995
1007
1000
1003
1008
994
1043
969
1013
986
1004
1002
1003
1001
1003
1022
984
996
1018
990
998
1002
999
1003
1007
1001
1002
1055
954
997
1004
981
999
1004
1025
1008
1002
996
992
1022
1001
998
1006
993
1007
990
1036
987
1013
996
1001
997
992
1010
1008
999
1000
1003
1002
999
1001
1008
1008
996
1004
988
1016
995
999
1006
1003
982
1024
1037
977
981
1015
1003
998
1002
1011
991
1014
993
1002
1008
998
998
1026
979
1001
1001
1001
1002
1002
998
1011
1003
1003
1021
980
1001
1002
1004
996
1012
1003
1015
989
1005
1000
993
1006
996
1006
1012
990
1005
1000
1006
996
1002
1003
983
1030
992
1000
1004
999
1007
999
1003
1001
1023
991
996
1001
999
1001
1012
1032
978
992
1012
989
1005
1001
1012
968
1030
1003
993
1002
1010
1005
994
995
1011
997
1004
1014
988
1005
1001
998
1008
1017
1038
947
1031
972
1021
979
1015
1030
971
1010
992
1002
1001
1002
1001
1002
1007
995
1001
1011
988
1002
1009
1003
1001
1002
1004
999
997
1011
996
1003
1002
1011
986
1011
998
1003
1002
1042
1001
948
1021
1010
996
1001
1003
1000
1004
1021
985
990
1009
1008
994
1002
1003
1001
1011
994
1011
987
1007
1014
983
1007
1000
1010
1005
994
1000
1003
1001
1007
1043
966
1008
991
1011
992
998
1007
1006
998
1002
1003
1011
994
1004
995
1004
1001
1002
1005
998
998
1013
994
1008
994
1018
988
1000
1004
1019
985
1020
1056
970
991
1004
998
991
1004
1001
1006
1002
999
982
1021
1015
986
1005
1009
993
1004
1002
1000
1009
1000
1011
993
1003
995
1030
1001
995
1001
1009
998
991
1056
968
1000
1060
915
1039
983
978
1033
1001
1000
999
1010
991
980
1033
1002
1017
984
999
996
1005
1009
1014
985
1008
1005
1008
984
1001
1000
1007
1005
1038
977
993
1009
967
1086
946
1029
976
1004
994
1002
1004
1009
993
1007
1006
1001
991
1007
1001
1002
1007
1000
986
1017
994
985
1025
1018
985
1001
1002
995
1141
861
1030
995
998
999
977
1030
1020
990
1018
982
1010
967
1025
1014
985
980
1028
1006
1020
976
1016
994
1013
967
1040
963
1029
995
984
1030
996
1010
965
1034
1001
1000
990
1014
1035
967
1001
1006
997
1003
992
1021
992
1002
985
996
1000
1027
1006
1001
1003
1003
1005
1006
990
1011
1002
989
1008
1005
975
1020
1000
1010
1003
999
1010
993
1000
1051
933
1037
1005
991
1000
1003
1002
1006
1004
973
1023
1010
1000
991
1008
1012
963
1024
1010
998
997
1020
983
1009
1007
976
999
1058
974
998
1004
977
1034
1004
1000
995
1001
1010
991
1062
947
1005
996
1005
994
1009
995
1010
971
1028
997
1003
979
1005
1033
998
999
1011
993
1004
1006
993
1009
1007
993
999
1005
1015
990
976
1003
1031
994
1016
965
1029
1005
975
1003
1003
1026
1003
997
1005
1005
1000
1013
995
967
1033
998
1009
1008
995
998
1003
1002
998
1000
1009
995
1004
1026
957
1027
974
1029
1003
1002
1001
999
1017
998
996
979
1027
992
1007
1006
1004
996
1000
1004
999
1001
1010
992
997
1033
959
1033
969
1028
1005
1000
1003
990
1015
1008
995
997
1005
990
1013
1008
1013
1038
946
1027
979
1004
1006
997
996
1038
943
1041
1004
993
975
1025
1006
1001
1001
996
1009
998
1005
993
1009
1004
975
1002
1018
1008
1003
1008
975
1022
996
1035
953
1031
1034
968
998
1003
1000
1005
1004
1004
1002
1001
972
1028
979
1028
1000
1002
1000
1002
998
999
1014
996
1010
1061
911
1031
1011
989
1003
1004
999
1004
999
1004
992
1019
991
1001
1011
1000
996
1001
1003
1003
1000
997
1014
994
993
1051
943
1032
1011
982
1007
1003
993
983
1032
1008
996
998
1014
985
981
1034
998
999
989
1023
1024
966
1035
971
1013
1032
948
1031
999
997
998
1003
1003
1004
1011
961
1034
1010
986
1009
999
1012
968
1018
1006
985
1021
1007
971
1029
997
1043
940
1040
998
996
1000
1060
941
1006
1009
969
1004
1033
990
1002
1005
1000
1010
997
997
1007
999
1008
981
993
1024
1036
950
1009
1036
984
999
1004
1013
993
1003
1005
997
999
1009
993
1040
969
1022
975
1004
1006
1013
993
986
992
1022
1001
976
1009
1001
1026
1001
999
1005
1007
1003
1006
994
1001
1011
986
1015
966
1036
997
1008
998
998
1006
1012
989
1004
1026
980
992
1026
987
1004
999
1002
1003
1004
1003
994
1009
1006
991
1011
994
1010
998
995
984
1028
994
1010
1002
997
1002
1064
918
1041
991
1012
990
1000
980
1057
975
1007
992
1005
998
1002
1001
1011
993
998
1009
999
994
1008
975
1028
1001
1041
943
1041
961
1032
998
1005
1004
970
1035
970
1006
1033
994
999
1000
1010
974
1024
1020
1003
980
1009
1001
977
1023
1028
954
1039
966
1027
994
1009
1003
1003
1004
1018
985
1002
1005
1004
992
1004
1005
1000
1001
1001
1005
1001
1003
1002
994
1005
1043
988
992
996
988
1007
1002
1005
1001
1005
998
974
1040
986
1003
1004
1003
987
1013
1009
1001
987
1015
1006
994
999
1036
953
1033
1013
984
1002
998
1004
998
1003
1024
984
1025
981
998
981
1027
997
1001
1005
1002
1010
991
1013
993
998
1003
1051
933
1035
996
998
1006
995
1007
976
1028
1005
1003
1009
990
1010
997
996
989
1012
1008
1011
992
1003
977
1025
998
1042
944
1030
1015
995
989
1000
1004
1007
1002
1018
986
1000
1004
995
1005
1000
1008
999
1001
979
1023
1005
1004
995
985
1022
1053
927
1064
945
1029
992
1009
999
1000
1012
996
1000
1011
991
1000
998
1013
973
1017
1012
1003
993
1014
1003
990
989
1055
946
1043
992
997
998
1004
1006
975
998
1034
1041
933
1045
961
1025
1002
977
1010
1018
1001
996
1001
1024
994
990
1009
978
1034
963
1034
1001
1002
1001
1001
1007
1000
976
1001
1031
994
1003
1003
1004
999
1002
1001
1007
1016
991
1017
979
1002
1049
933
1003
1037
993
999
1004
1002
1002
1008
970
1032
972
1022
1005
1004
1000
977
1026
1005
998
999
1007
1017
985
1000
1040
944
999
1048
1029
957
1002
1018
987
1004
975
1029
1000
1008
993
1001
1011
1003
994
1001
1002
981
1022
1007
989
1009
1005
1046
935
1041
963
1025
994
1039
975
1002
998
1006
1009
1004
992
1040
969
999
974
1022
1012
992
1007
1003
1004
994
1004
1049
928
1046
998
992
978
1007
1021
999
1013
972
1031
1002
993
1005
998
982
995
1027
1005
1003
1005
998
1014
987
1007
1004
978
1030
971
1026
998
1002
983
1025
1010
996
1001
974
1029
1008
992
1007
977
1024
999
1003
1002
1000
1015
990
1007
999
1047
937
1037
998
993
1002
1007
1034
966
1004
1004
999
1008
1010
981
983
1021
1009
995
1009
997
1000
1012
997
991
1017
1024
952
1032
972
1028
999
976
1031
975
1027
1006
998
1003
1006
977
1019
1010
998
1004
992
1009
1002
998
1010
997
1002
1004
1036
939
1045
995
993
1002
1002
1006
1000
1005
1000
1002
1006
993
1005
1014
991
976
1022
1007
1001
1004
1003
973
1057
953
1053
947
1037
1008
983
1016
990
979
1024
1008
972
1032
996
1003
999
1000
1003
1008
980
1020
1006
998
1000
1010
993
1004
1001
1042
939
1041
998
999
1000
1000
996
1019
996
997
999
1014
987
1002
1021
981
1011
993
1008
1001
996
1008
1005
1002
997
1032
952
1029
1012
983
1005
1011
1001
996
1005
1007
994
971
1040
990
1005
1006
1016
981
1008
1005
997
998
1006
999
1000
1000
1048
937
1049
983
1020
978
1011
967
1028
1006
1005
1006
972
1021
1000
993
1021
1000
994
1012
1000
975
1030
974
1022
1068
916
1065
973
999
1000
995
980
1002
1024
1015
1015
986
963
1037
996
1004
1002
979
1021
1008
1007
971
1026
1007
993
1003
999
982
1003
1039
996
1003
993
1003
1002
1006
996
1011
1000
1005
988
1003
995
1015
999
1000
1017
992
996
1010
1000
999
1006
1027
951
1030
1030
970
1003
999
998
1010
1001
1004
999
1004
1004
994
1004
1001
1005
1093
907
1036
970
1000
1008
1006
989
1006
1033
949
1036
1000
998
1002
969
1023
1011
1013
994
998
999
1001
1003
1011
998
972
1025
1008
1000
1001
1010
999
997
1012
1023
948
1050
997
986
1002
1004
1004
993
1008
1004
998
980
1028
994
1003
1001
990
1006
1010
1006
997
1007
1006
990
983
1024
1045
937
1036
1000
998
996
1008
999
1006
1007
975
1021
999
1000
1002
1004
1012
977
1016
1010
995
993
1013
1001
1032
947
1047
995
986
999
1008
1002
1001
1007
1003
1001
995
1006
1001
1002
1001
982
1014
1009
1007
1012
988
1004
995
992
1020
1041
938
1034
998
998
1001
1007
979
1025
1006
992
1004
1001
997
1010
1011
993
1004
977
1023
1005
990
1008
980
1021
1006
1004
1043
935
1041
989
1045
959
1005
978
1024
1012
993
995
1013
997
997
1002
1007
974
1023
1008
997
1002
1007
1004
995
1000
1040
945
1031
1012
988
1007
994
996
1009
1008
1004
994
1003
1021
981
1014
987
1008
1000
997
1008
1007
1023
1010
996
1004
1008
1029
947
1049
994
986
1001
1004
1010
970
1026
1006
999
1006
996
999
1020
991
1008
983
1010
980
1024
1004
1017
985
1000
1003
1036
950
1027
1010
987
1002
998
1014
995
1007
1003
992
1013
994
1001
1006
999
1007
996
1006
1002
996
1014
998
993
1004
1001
1042
936
1125
926
1026
958
1006
1005
982
1021
1007
998
1002
1002
994
1008
1003
977
1026
999
1007
1001
1001
1007
994
1000
1008
1034
943
1037
997
994
990
1018
1001
1001
1007
998
1000
1013
989
1013
990
1004
1008
989
1008
1008
993
1007
983
1017
1007
1003
1038
942
1001
1007
1021
1016
984
982
1031
1007
999
997
1001
1002
996
1009
1001
980
1019
1014
1030
960
1031
979
996
1004
1006
975
1032
971
1028
1006
998
995
1009
978
1029
1002
976
1023
1020
981
1003
1001
1002
1008
984
1016
1002
1012
991
1003
1022
962
1006
997
1004
1034
973
1003
1017
981
1029
1002
994
982
1028
997
1005
1003
1004
998
981
1030
1002
991
1008
998
1000
1006
981
998
1031
975
1028
1004
996
1007
997
997
1007
1008
1009
968
1045
980
1004
1005
988
1012
1002
1002
1011
975
1022
995
1003
1041
947
1031
974
1024
995
1010
976
1027
1002
1010
997
999
998
1001
1006
1016
964
1022
1003
997
1010
1040
965
997
1004
979
1066
936
1038
965
1033
995
1003
1003
996
1020
994
1000
974
1029
997
1002
1004
981
1021
979
1028
997
1012
999
995
1002
1014
1040
930
1039
1053
950
1013
984
999
1007
973
1005
1024
1007
993
1005
1002
1001
995
1006
1020
988
1006
1015
987
999
1002
1006
1044
932
1038
1001
993
1014
990
1002
1003
1005
977
1033
996
994
1014
1027
968
1010
989
1009
1003
991
1012
1002
997
983
1029
982
994
1046
982
1003
1003
999
1003
983
1019
1003
1006
999
996
1007
998
1006
1008
989
1009
978
1075
964
990
1001
1012
998
1040
937
1037
997
970
1032
997
1001
1006
1002
1000
1003
1003
993
1007
1013
995
1006
996
998
1005
1020
985
1003
995
1004
1013
1115
861
1059
978
1010
979
1000
1009
999
1006
1000
1003
999
1000
1016
983
981
1028
998
1005
1006
994
1008
1003
1001
998
1002
1048
936
1063
971
997
997
1005
1004
975
1029
982
1022
1001
998
1000
1014
994
1012
986
1010
1001
997
1010
997
998
1004
1008
1001
978
1045
986
1001
1011
1004
990
1001
1003
1001
1000
1010
991
1008
995
1008
974
1004
1001
1042
971
1017
1016
986
1001
1009
975
1031
974
1026
1001
998
1004
1006
995
1007
1004
1003
1002
1006
992
1003
1008
1015
996
1007
977
1023
1017
988
1002
998
1100
889
1009
1035
999
984
981
1003
1026
1003
1004
1000
1003
998
992
1011
1003
1012
990
1003
1005
998
1002
1006
1002
995
1004
1033
951
1031
1022
982
997
998
1009
1000
1005
1011
993
1018
984
998
1001
1002
1013
989
1006
1007
996
999
1011
995
988
1031
1020
947
1035
1006
984
1002
1011
1000
1006
1004
1003
1020
979
994
1005
1008
994
1010
992
1001
1034
975
1004
1005
992
1005
1002
1034
949
1032
1026
970
1002
998
1000
1007
1006
1004
1001
1000
998
999
1003
1009
1004
995
978
1029
1009
993
1009
995
999
1011
1039
938
1030
1021
983
992
1002
1005
1006
1010
1015
985
1002
994
1007
1002
1003
1000
995
1015
997
997
980
1030
997
1001
999
1036
951
1002
1046
969
1011
999
1009
999
1052
930
1027
998
999
1002
1011
981
993
1025
1006
1002
1003
1001
1003
994
1003
982
1087
917
1038
972
1027
996
1005
1007
995
1006
1007
995
999
1008
991
1004
1010
1001
992
1010
1002
1003
998
1008
991
1049
934
1000
1045
959
1031
1002
972
1024
1019
967
1024
1019
982
998
1008
1004
978
1024
1008
1002
994
1012
996
999
983
1012
1030
999
996
1006
975
995
1027
1004
970
1035
967
1032
998
1007
1006
973
1019
1007
1005
997
1004
1017
967
1025
977
1004
999
1031
1000
1002
998
1005
1009
1002
999
971
1041
991
1000
1019
993
993
1004
985
1016
1004
1002
1004
997
1001
982
1000
1004
1033
996
1002
1005
1000
1005
1002
998
1004
1004
994
1000
983
1033
993
997
1007
994
1005
1011
1000
1026
971
1036
954
995
1035
998
997
1036
971
1009
1000
1004
996
1008
992
1004
1003
1006
1003
992
980
1025
1001
1010
998
999
1048
939
1038
993
997
1008
994
1006
999
1008
1025
973
1010
1000
992
1002
994
991
1022
1006
998
1001
1004
1006
997
999
1058
927
1044
989
998
983
1022
1004
1000
1004
1003
1001
1006
997
997
1003
980
999
993
1067
970
1019
990
1002
996
1000
1041
941
1038
1015
977
1003
978
1033
996
1006
1006
994
1004
1005
992
1004
1003
982
1018
1005
1005
999
1008
999
1003
999
1037
942
1042
964
1061
973
994
1008
1002
1006
1003
993
980
1030
992
1011
972
1037
988
1003
1008
995
1002
1011
996
999
1002
1053
929
1047
986
999
1004
1009
996
977
1031
997
1002
1016
971
1028
986
1013
998
996
1007
999
1000
1012
996
998
998
1045
941
1047
992
993
1006
974
1036
996
1005
993
1006
1007
999
993
1005
1000
1006
996
1008
1002
1050
950
1034
969
984
1024
978
999
1004
1029
1001
979
1024
1002
1006
1010
992
1004
1005
993
1002
1000
990
992
1028
1003
993
1015
1002
1001
991
1005
1037
952
1032
1009
986
1004
975
1027
998
1016
992
1003
1004
998
1000
1001
1004
1004
994
1001
1009
996
1015
994
1005
995
1046
945
992
1044
992
996
1007
1002
998
1009
996
1002
1006
991
1000
1009
1021
959
1024
1006
1005
990
1014
976
1022
998
1035
948
1040
972
1028
993
1007
1007
997
974
1038
994
1002
971
1025
1020
984
1007
981
1010
1017
999
1000
1016
963
1021
987
1010
995
1000
1002
1026
995
980
1032
987
990
1034
980
1026
990
981
1026
1004
977
1022
1007
1003
972
1030
1003
1002
996
1009
976
1043
1002
989
997
976
1061
969
1008
1003
1006
992
983
1016
1005
998
1007
977
1023
979
1032
996
1005
997
1000
1009
1044
935
1049
987
1000
995
1008
999
1008
1003
969
1024
1009
995
1006
1005
994
1013
987
1011
994
1004
981
1028
992
1009
1035
949
1018
1005
1027
999
1002
1003
1000
1006
974
1027
973
1038
998
999
997
1006
1000
998
1004
1002
999
1015
1062
933
1041
1025
919
1043
993
997
1001
976
1026
978
1028
1007
996
971
1026
1005
1000
1012
970
1019
1009
993
1009
1009
1000
996
1004
1012
965
1044
964
1030
1007
994
1007
1032
971
1002
1004
1002
1008
990
998
998
1018
994
982
1019
999
1001
1005
1004
997
1005
1041
946
1038
986
1004
1002
1005
1011
991
1009
994
999
1015
987
1003
996
1033
953
1037
993
999
999
1007
1008
993
999
1023
956
1047
1010
982
1001
1003
1000
1007
1006
1002
978
1040
986
995
1004
1004
1003